"V1"
0.874141386497816
-1.11925168182109
2.85655602712447
0.665262491906988
1.02036608912054
1.64062140041406
0.0158875015456778
-1.40636998325154
-2.12487445972297
0.384948251385764
0.412536489954377
2.11051233114822
-4.03763597047831
-2.84845768743963
-1.81358099992606
1.26458265372402
4.01726299680273
3.18015857025407
-0.296486630170422
-3.00273429686462
0.137274405816603
-0.992286225935149
4.00460127372079
1.47847054439787
-3.33536864652975
-3.35057916467386
-1.19966406043708
0.911284298681684
2.04138516745996
-2.52521970993395
-0.357153495398171
-0.904444527452531
2.20147343617349
0.478790668900752
1.93636251319712
3.7437381940156
-3.29734911030531
-1.53193171955775
-4.02878228454182
0.659397614716955
6.71043557760408
1.06541659125163
1.00042235114693
-0.36417751604916
0.861733662798023
-1.6869116022051
0.499713312290708
1.54579525968414
-1.62331914086368
-3.85642748824657
-1.51526561127002
-1.40967358781997
-3.48727948785428
1.24968190948071
-2.00100748574097
-0.458741496589253
-5.70792384167709
2.26408326101353
3.04714887036344
0.0723837947822868
3.36772611053933
1.80317758678293
-0.506671999127193
1.71650576012169
-2.42673128639962
-1.92216436543495
-0.12420089170812
0.64398174712817
0.204275276364573
2.4217223566331
-3.41681562480592
-0.609112519194396
-1.29909555660531
1.32765354622711
-3.06763454192632
1.44416514682557
4.5258360415405
3.92661019047332
3.52529816081309
5.24964239275878
-1.05007298673721
0.148741595425576
-2.25669351342527
-0.869871994749192
2.26743378518609
-3.18798587220799
-1.92576158684974
-3.260122975361
-3.97285244913804
-1.97708160566437
1.68151455745993
-1.35776442765082
0.203637151964322
-0.354944949421575
1.99235341112935
-1.63485267316754
0.659484021054307
-1.95927693801912
-2.51120639536084
3.43177688197209
