"V1"
2.66110595677618
2.00425555344693
0.470864869534221
0.387105646174071
-0.378615533268444
1.23682377872693
4.37496528938466
-0.398210351988849
2.309967197781
-0.245841857698004
-3.84626458297543
2.60509115926505
0.888338506664729
-2.2208089591894
0.189240164217745
0.766900232508919
-1.85134917374622
-1.55094507005297
2.1871783792914
-0.0856240010732318
-3.46576065610004
-1.65099228306318
0.23280379533029
1.6566303895285
1.97939193154735
3.38015395693857
-2.04698890964541
2.76702323555152
1.26693598458347
0.430544223652855
1.68767100554052
-3.15735725709201
0.047755149105147
-0.828992206076234
0.114058643367395
-1.38280330604567
-0.0602949737754546
-3.48921631462436
0.830188914213978
-0.892836369735481
3.54275439445481
1.95486351282541
-3.0178200023708
1.76435286822536
-0.749296951679534
0.237401459639095
-0.478136644901669
0.542483108453416
1.5641158097261
-2.15099761368045
-1.41278811164428
0.0442069319278138
-5.32388501503891
-1.65388179651787
-0.151657270932325
-2.0946787739377
-1.96327073504977
2.62448411181617
2.66663972299504
0.546451606603849
-1.62610794435847
-0.2291834849
1.41433490040722
-2.52072564505981
2.32438321645368
0.36097276377252
-0.557192609343972
-4.10327858886892
0.591612362685067
1.03639317129846
-0.377685284198428
-0.594309697731485
-0.548769511206681
1.85582730011014
0.416467944729727
0.624864199093666
1.41370331414609
-1.07212761060145
-0.647988355878337
-3.38290519007554
-0.650450841876916
3.24539058961274
2.69626089578813
1.85840317952101
-1.44256536135508
-0.160628884682426
-2.11549306164129
-3.3891966011699
-1.06303704929106
-1.84653964844191
3.37956047738525
5.65498456699972
-0.67033369399646
-1.70995842173641
2.39226029208904
0.483954825495108
1.40072349762263
-0.959888635651664
-4.29529144353978
-3.34170185286277
