"V1"
-0.0325296243379494
-2.30543316480065
-0.0651408206354208
-0.0010779555225036
-4.58362919522454
-0.0389045653839315
2.63527136584148
-2.52406857406851
-2.98280573784546
-0.46463947690933
-2.94079660133306
-1.2811697645536
-2.16203554272485
0.519478697066643
-5.86214436939948
-0.281168075066314
2.33864134709411
-0.814966396868168
2.95983494312826
2.01900392811832
-1.36214033131065
1.30530477772049
1.56627143870746
-1.18659561480031
0.891522172610426
0.0549612336060511
-1.15867611465942
-0.158883878274897
-0.113087997723246
1.63991764514146
0.622542944270333
-0.399972619132577
2.04797754360951
2.88959201816489
-2.05763316434567
-1.23889366564899
2.03319701996714
2.0291801810454
1.25513609779756
0.939183455315357
3.14926697067785
5.17852249844891
0.52431194878257
0.996165457240811
-4.73143494620904
-1.08235462094184
0.00128413501176397
0.580205193027647
-1.03309635789898
-1.66682597717419
1.68362577888124
2.07155455040685
1.45892905261579
-1.09489646989831
-3.34038456085824
2.73111290548331
-1.20562961415495
2.58585895262509
-1.27019555875558
-2.28064289908346
-0.499739120445365
1.12086260401641
2.04274647295386
2.11162432735427
-2.6174727364541
1.31435308821384
-0.634181550545073
-2.29541232321395
-0.979299300176435
-5.70203776692002
0.797744935918564
-1.0417011106044
0.169312667279455
-0.842553342568305
0.833060295437735
0.532437901670086
-1.54704057121295
1.23796516009662
0.511202351566211
-1.99156582882887
-0.243747849439581
1.84967949882808
-0.320610425940229
-1.8016143702468
3.46260152415653
1.12021733322923
-0.875136558434038
-5.64295432534395
0.300681214498501
-0.047426656072818
0.46383889222146
-5.3396258532299
-2.23205461057016
1.36303949932209
2.7415417760606
1.71805306441258
3.56894976563767
3.3386740170439
-2.08404015160058
0.261810680422531
